0.748344 0.192053
0.754967 0.211921
0.761589 0.231788
0.768212 0.238411
0.774834 0.245033
0.781457 0.278146
0.788079 0.311258
0.794702 0.337748
0.801325 0.377483
0.807947 0.390728
0.81457 0.397351
0.821192 0.410596
0.827815 0.443709
0.834437 0.450331
0.84106 0.490066
0.847682 0.509934
0.854305 0.516556
0.860927 0.543046
0.86755 0.582781
0.874172 0.622517
0.880795 0.629139
0.887417 0.655629
0.89404 0.675497
0.900662 0.695364
0.907285 0.701987
0.913907 0.721854
0.92053 0.735099
0.927152 0.761589
0.933775 0.781457
0.940397 0.794702
0.94702 0.801325
0.953642 0.887417
0.960265 0.907285
0.966887 0.92053
0.97351 0.933775
0.980132 0.940397
0.986755 0.953642
0.993377 0.960265
1 1
