0.748344 0.172185
0.754967 0.231788
0.761589 0.251656
0.768212 0.271523
0.774834 0.311258
0.781457 0.337748
0.788079 0.344371
0.794702 0.357616
0.801325 0.390728
0.807947 0.397351
0.81457 0.403974
0.821192 0.443709
0.827815 0.450331
0.834437 0.536424
0.84106 0.556291
0.847682 0.589404
0.854305 0.596026
0.860927 0.602649
0.86755 0.615894
0.874172 0.642384
0.880795 0.655629
0.887417 0.675497
0.89404 0.688742
0.900662 0.715232
0.907285 0.735099
0.913907 0.774834
0.92053 0.81457
0.927152 0.821192
0.933775 0.860927
0.940397 0.880795
0.94702 0.907285
0.953642 0.913907
0.960265 0.933775
0.966887 0.94702
0.97351 0.966887
0.980132 0.97351
0.986755 0.986755
0.993377 0.993377
1 1
