0.748344 0.13245
0.754967 0.172185
0.761589 0.172185
0.768212 0.172185
0.774834 0.324503
0.781457 0.324503
0.788079 0.324503
0.794702 0.324503
0.801325 0.324503
0.807947 0.450331
0.81457 0.450331
0.821192 0.450331
0.827815 0.450331
0.834437 0.450331
0.84106 0.450331
0.847682 0.450331
0.854305 0.509934
0.860927 0.509934
0.86755 0.509934
0.874172 0.509934
0.880795 0.509934
0.887417 0.509934
0.89404 0.509934
0.900662 0.509934
0.907285 0.509934
0.913907 0.509934
0.92053 0.509934
0.927152 0.86755
0.933775 0.874172
0.940397 0.880795
0.94702 0.913907
0.953642 0.92053
0.960265 0.933775
0.966887 0.94702
0.97351 0.966887
0.980132 0.980132
0.986755 0.986755
0.993377 0.993377
1 1
