152
0 0
0.00662252 0.00662252
0.013245 0.013245
0.0198675 0.0198675
0.0264901 0.0264901
0.0331126 0.0331126
0.0397351 0.0397351
0.0463576 0.0463576
0.0529801 0.0529801
0.0596026 0.0596026
0.0662252 0.0662252
0.0728477 0.0728477
0.0794702 0.0794702
0.0860927 0.0860927
0.0927152 0.0927152
0.0993377 0.0993377
0.10596 0.10596
0.112583 0.112583
0.119205 0.119205
0.125828 0.125828
0.13245 0.13245
0.139073 0.139073
0.145695 0.145695
0.152318 0.152318
0.15894 0.15894
0.165563 0.165563
0.172185 0.172185
0.178808 0.178808
0.18543 0.18543
0.192053 0.192053
0.198675 0.198675
0.205298 0.205298
0.211921 0.211921
0.218543 0.218543
0.225166 0.225166
0.231788 0.231788
0.238411 0.238411
0.245033 0.245033
0.251656 0.251656
0.258278 0.258278
0.264901 0.264901
0.271523 0.271523
0.278146 0.278146
0.284768 0.284768
0.291391 0.291391
0.298013 0.298013
0.304636 0.304636
0.311258 0.311258
0.317881 0.317881
0.324503 0.324503
0.331126 0.331126
0.337748 0.337748
0.344371 0.344371
0.350993 0.350993
0.357616 0.357616
0.364238 0.364238
0.370861 0.370861
0.377483 0.377483
0.384106 0.384106
0.390728 0.390728
0.397351 0.397351
0.403974 0.403974
0.410596 0.410596
0.417219 0.417219
0.423841 0.423841
0.430464 0.430464
0.437086 0.437086
0.443709 0.443709
0.450331 0.450331
0.456954 0.456954
0.463576 0.463576
0.470199 0.470199
0.476821 0.476821
0.483444 0.483444
0.490066 0.490066
0.496689 0.496689
0.503311 0.503311
0.509934 0.509934
0.516556 0.516556
0.523179 0.523179
0.529801 0.529801
0.536424 0.536424
0.543046 0.543046
0.549669 0.549669
0.556291 0.556291
0.562914 0.562914
0.569536 0.569536
0.576159 0.576159
0.582781 0.582781
0.589404 0.589404
0.596026 0.596026
0.602649 0.602649
0.609272 0.609272
0.615894 0.615894
0.622517 0.622517
0.629139 0.629139
0.635762 0.635762
0.642384 0.642384
0.649007 0.649007
0.655629 0.655629
0.662252 0.662252
0.668874 0.668874
0.675497 0.675497
0.682119 0.682119
0.688742 0.688742
0.695364 0.695364
0.701987 0.701987
0.708609 0.708609
0.715232 0.715232
0.721854 0.721854
0.728477 0.728477
0.735099 0.735099
0.741722 0.741722
0.748344 0.748344
0.754967 0.754967
0.761589 0.761589
0.768212 0.768212
0.774834 0.774834
0.781457 0.781457
0.788079 0.788079
0.794702 0.794702
0.801325 0.801325
0.807947 0.807947
0.81457 0.81457
0.821192 0.821192
0.827815 0.827815
0.834437 0.834437
0.84106 0.84106
0.847682 0.847682
0.854305 0.854305
0.860927 0.860927
0.86755 0.86755
0.874172 0.874172
0.880795 0.880795
0.887417 0.887417
0.89404 0.89404
0.900662 0.900662
0.907285 0.907285
0.913907 0.913907
0.92053 0.92053
0.927152 0.927152
0.933775 0.933775
0.940397 0.940397
0.94702 0.94702
0.953642 0.953642
0.960265 0.960265
0.966887 0.966887
0.97351 0.97351
0.980132 0.980132
0.986755 0.986755
0.993377 0.993377
1 1
