152
1 1
0.708609 0.993377
0.582781 0.986755
0.430464 0.980132
0.410596 0.97351
0.238411 0.966887
0.238411 0.960265
0.238411 0.953642
0.218543 0.94702
0.165563 0.940397
0.165563 0.933775
0.165563 0.927152
0.165563 0.92053
0.165563 0.913907
0.165563 0.907285
0.165563 0.900662
0.165563 0.89404
0.165563 0.887417
0.165563 0.880795
0.165563 0.874172
0.139073 0.86755
0.139073 0.860927
0.139073 0.854305
0.139073 0.847682
0.139073 0.84106
0.139073 0.834437
0.139073 0.827815
0.139073 0.821192
0.139073 0.81457
0.139073 0.807947
0.139073 0.801325
0.139073 0.794702
0.139073 0.788079
0.139073 0.781457
0.139073 0.774834
0.139073 0.768212
0.139073 0.761589
0.139073 0.754967
0.139073 0.748344
0.139073 0.741722
0.139073 0.735099
0.139073 0.728477
0.13245 0.721854
0.125828 0.715232
0.125828 0.708609
0.125828 0.701987
0.125828 0.695364
0.125828 0.688742
0.125828 0.682119
0.125828 0.675497
0.125828 0.668874
0.125828 0.662252
0.125828 0.655629
0.125828 0.649007
0.125828 0.642384
0.125828 0.635762
0.125828 0.629139
0.125828 0.622517
0.125828 0.615894
0.125828 0.609272
0.125828 0.602649
0.125828 0.596026
0.125828 0.589404
0.125828 0.582781
0.125828 0.576159
0.125828 0.569536
0.125828 0.562914
0.125828 0.556291
0.125828 0.549669
0.125828 0.543046
0.125828 0.536424
0.125828 0.529801
0.125828 0.523179
0.125828 0.516556
0.125828 0.509934
0.125828 0.503311
0.125828 0.496689
0.125828 0.490066
0.125828 0.483444
0.125828 0.476821
0.125828 0.470199
0.125828 0.463576
0.125828 0.456954
0.125828 0.450331
0.125828 0.443709
0.125828 0.437086
0.125828 0.430464
0.125828 0.423841
0.125828 0.417219
0.125828 0.410596
0.125828 0.403974
0.125828 0.397351
0.125828 0.390728
0.125828 0.384106
0.125828 0.377483
0.125828 0.370861
0.125828 0.364238
0.125828 0.357616
0.125828 0.350993
0.125828 0.344371
0.125828 0.337748
0.125828 0.331126
0.125828 0.324503
0.125828 0.317881
0.125828 0.311258
0.125828 0.304636
0.125828 0.298013
0.125828 0.291391
0.125828 0.284768
0.125828 0.278146
0.125828 0.271523
0.125828 0.264901
0.125828 0.258278
0.125828 0.251656
0.125828 0.245033
0.125828 0.238411
0.125828 0.231788
0.125828 0.225166
0.125828 0.218543
0.125828 0.211921
0.125828 0.205298
0.125828 0.198675
0.125828 0.192053
0.125828 0.18543
0.119205 0.178808
0.112583 0.172185
0.10596 0.165563
0.0993377 0.15894
0.0927152 0.152318
0.0860927 0.145695
0.0794702 0.139073
0.0728477 0.13245
0.0662252 0.125828
0.0596026 0.119205
0.0529801 0.112583
0.0463576 0.10596
0.0397351 0.0993377
0.0331126 0.0927152
0.0264901 0.0860927
0.0198675 0.0794702
0.013245 0.0728477
0.00662252 0.0662252
0.00662252 0.0596026
0.00662252 0.0529801
0.00662252 0.0463576
0.00662252 0.0397351
0.00662252 0.0331126
0.00662252 0.0264901
0.00662252 0.0198675
0.00662252 0.013245
0.00662252 0.00662252
0 0
