64 28.7165 77.1705
99 28.5668 77.2081
67 28.6180 77.2794
81 28.6470 77.3160
108 28.4808 77.1258
82 28.6716 77.1551
63 28.7070 77.1805
130 28.4932 77.3030
146 28.4228 77.3103
28 28.6299 77.2242
149 28.3860 77.3134
74 28.5640 77.3343
56 28.6152 77.2120
34 28.6578 77.2301
33 28.6482 77.2259
105 28.5068 77.1749
40 28.6770 77.2250
139 28.5488 77.1207
138 28.5919 77.1617
60 28.6758 77.3215
7 28.6150 77.0227
8 28.6194 77.0331
2 28.5811 77.0575
3 28.5865 77.0494
4 28.5923 77.0407
5 28.5971 77.0335
6 28.6022 77.0260
115 28.5523 77.0584
114 28.5656 77.0670
1 28.5744 77.0652
150 28.3702 77.3150
61 28.6978 77.2069
107 28.4938 77.1491
75 28.5672 77.3460
124 28.5444 77.2643
100 28.559801 77.206996 
109 28.4821 77.1022
151 28.7299022 77.1490973 
101 28.5434438 77.20634419
113 28.4593 77.0724
140 28.5570 77.0868
112 28.462052 77.066308
98 28.5752 77.2095
46 28.6735 77.1702
31 28.6205 77.2499
141 28.6272 77.2410
65 28.7258 77.1628
13 28.6331 77.0866
12 28.6294 77.0778
118 28.5833 77.2396
136 28.6250 77.2193
126 28.5382 77.2833
25 28.6444 77.1998
59 28.6758 77.3124
117 28.590402 77.233077
97 28.5897 77.2143
121 28.5553 77.2420
123 28.5494 77.2593
47 28.6832 77.1641
80 28.6485 77.3060
24 28.6440 77.1884
35 28.6677 77.2282
131 28.6454 77.3244
48 28.6885 77.1617
116 28.6021 77.2292
20 28.6558 77.1507
50 28.6980 77.1405
119 28.5705 77.2364
77 28.6305 77.2774
111 28.4796 77.0799
85 28.6764 77.1195
102 28.5282 77.2057
29 28.6259 77.2343
58 28.6754 77.3010
68 28.6040 77.2896
69 28.5942132 77.2946345
144 28.4485 77.3081
62 28.7029 77.1937
128 28.5197 77.2945
120 28.5641 77.2341
19 28.6579 77.1427
94 28.6824 77.0305
91 28.6824 77.06463
92 28.6821261 77.0561764
9 28.6202 77.0450
148 28.3976 77.3123
122 28.5514 77.2518
49 28.6961 77.1527
70 28.5891 77.3019
32 28.6431 77.2223
143 28.4577 77.3074
78 28.6367 77.2869
76 28.5747 77.3560
71 28.5849 77.3118
72 28.5785 77.3175
73 28.5708 77.3261
125 28.5429 77.2751
147 28.4107 77.3113
86 28.6773 77.1123
87 28.6787 77.1020
55 28.6233 77.2145
22 28.6452 77.1691
88 28.6797 77.0927
51 28.7034 77.1321
30 28.6232 77.2428
45 28.6666 77.1991
79 28.6416 77.2953
44 28.6664 77.2074
83 28.6729 77.1463
104 28.5129 77.1863
96 28.5975 77.2113
93 28.6824 77.0438
23 28.6425 77.1781
27 28.6329 77.2195
17 28.6492 77.1224
18 28.6527 77.1315
54 28.7208 77.1071
26 28.6393 77.2084
52 28.7077 77.1259
152 28.7383938 77.13986569
53 28.7149 77.1154
103 28.5205 77.2015
153 28.7454 77.1371
142 28.4801166 77.304589
127 28.5288 77.2883
133 28.6622 77.1578
145 28.4380 77.3090
37 28.6699 77.2666
21 28.6516 77.1582
39 28.6735 77.2891
57 28.6699 77.1818
36 28.6683 77.2503
84 28.6750 77.1304
137 28.6288 77.2114
110 28.4813 77.0929
15 28.6404 77.1049
106 28.4980 77.1618
90 28.6819 77.0740
16 28.6439 77.1128
14 28.6366 77.0965
43 28.6671 77.2165
129 28.5023 77.2991
95 28.6110 77.2122
89 28.6811 77.0806
11 28.6248 77.0651
10 28.6217 77.0558
132 28.6499 77.3397
41 28.6879 77.2217
42 28.6947 77.2146
38 28.6719 77.2780
66 28.6232 77.2679