151
27
32
28
55
26
33
56
25
29
34
95
24
35
136
30
23
141
43
137
22
44
96
31
40
116
21
45
20
133
57
41
97
19
36
117
46
66
82
118
18
98
42
83
47
77
17
99
67
37
61
119
48
16
100
120
84
78
38
15
62
49
68
85
121
79
14
101
39
138
86
122
63
69
50
13
80
123
58
87
12
102
70
51
124
64
81
88
59
103
52
11
71
131
125
89
65
60
10
72
53
90
126
104
9
151
132
91
73
54
127
139
105
8
92
74
128
152
7
93
106
153
75
140
129
6
107
94
76
5
130
115
4
114
142
1
3
2
108
143
144
109
110
145
111
146
112
147
113
148
149
150
