151
56
35
29
27
82
66
46
32
20
152
151
149
148
147
146
145
144
143
142
140
139
138
137
136
133
131
130
129
128
127
126
125
124
123
122
121
120
119
118
117
116
115
114
112
111
110
109
108
107
106
105
104
103
102
101
100
99
98
97
96
95
93
92
91
90
89
88
87
86
85
84
83
81
80
79
78
77
75
74
73
72
71
70
69
68
67
65
64
63
62
61
59
58
57
55
53
52
51
50
49
48
47
45
44
43
42
41
40
39
38
37
36
34
33
31
30
28
26
25
24
23
22
21
19
18
17
16
15
14
13
12
11
10
9
8
7
6
5
4
3
2
1
153
150
141
132
113
94
76
60
54
