151
27
56
55
35
32
20
116
117
26
33
25
34
29
118
24
23
22
119
21
120
30
121
95
31
82
66
122
96
123
97
19
18
124
98
46
133
17
125
99
43
28
16
44
126
100
45
15
57
127
101
14
128
102
83
13
129
103
84
40
12
130
104
85
67
41
11
142
105
86
68
42
10
143
106
87
69
61
47
9
136
144
107
88
77
70
62
48
36
8
137
7
145
108
89
78
71
63
49
37
138
6
146
109
90
79
72
64
50
38
139
5
140
147
110
91
80
73
65
51
39
115
4
114
151
148
111
92
81
74
58
52
1
3
2
152
149
131
112
93
75
59
53
153
150
141
132
113
94
76
60
54
